Wl	R
250	0.978
251	0.978
252	0.979
253	0.979
254	0.979
255	0.981
256	0.981
257	0.981
258	0.981
259	0.983
260	0.983
261	0.983
262	0.984
263	0.985
264	0.986
265	0.986
266	0.986
267	0.987
268	0.989
269	0.989
270	0.990
271	0.990
272	0.991
273	0.992
274	0.992
275	0.993
276	0.993
277	0.994
278	0.995
279	0.995
280	0.995
281	0.996
282	0.996
283	0.997
284	0.998
285	0.998
286	0.997
287	0.997
288	0.999
289	1.000
290	0.999
291	0.999
292	0.999
293	1.000
294	1.000
295	1.000
296	1.000
297	1.000
298	1.000
299	1.000
300	1.001
301	1.001
302	1.000
303	1.001
304	1.000
305	1.001
306	1.001
307	0.999
308	0.999
309	0.999
310	0.999
311	0.998
312	0.997
313	0.998
314	0.998
315	0.997
316	0.995
317	0.995
318	0.995
319	0.994
320	0.993
321	0.993
322	0.991
323	0.992
324	0.992
325	0.991
326	0.990
327	0.990
328	0.989
329	0.989
330	0.989
331	0.988
332	0.989
333	0.988
334	0.988
335	0.989
336	0.989
337	0.989
338	0.989
339	0.989
340	0.989
341	0.988
342	0.989
343	0.988
344	0.988
345	0.989
346	0.989
347	0.989
348	0.989
349	0.989
350	0.989
351	0.989
352	0.989
353	0.988
354	0.989
355	0.989
356	0.988
357	0.988
358	0.987
359	0.988
360	0.988
361	0.988
362	0.988
363	0.988
364	0.987
365	0.989
366	0.989
367	0.989
368	0.989
369	0.989
370	0.989
371	0.989
372	0.988
373	0.989
374	0.989
375	0.988
376	0.988
377	0.988
378	0.988
379	0.987
380	0.987
381	0.988
382	0.987
383	0.987
384	0.987
385	0.988
386	0.987
387	0.987
388	0.987
389	0.988
390	0.987
391	0.987
392	0.987
393	0.987
394	0.987
395	0.988
396	0.988
397	0.988
398	0.988
399	0.988
400	0.988
401	0.988
402	0.988
403	0.987
404	0.987
405	0.988
406	0.988
407	0.988
408	0.987
409	0.987
410	0.988
411	0.987
412	0.987
413	0.987
414	0.988
415	0.987
416	0.988
417	0.987
418	0.987
419	0.987
420	0.987
421	0.987
422	0.987
423	0.987
424	0.988
425	0.987
426	0.987
427	0.987
428	0.987
429	0.987
430	0.987
431	0.986
432	0.987
433	0.986
434	0.987
435	0.988
436	0.988
437	0.987
438	0.987
439	0.987
440	0.987
441	0.987
442	0.987
443	0.987
444	0.987
445	0.987
446	0.987
447	0.988
448	0.987
449	0.987
450	0.988
451	0.987
452	0.987
453	0.987
454	0.987
455	0.987
456	0.988
457	0.988
458	0.987
459	0.987
460	0.988
461	0.987
462	0.987
463	0.987
464	0.987
465	0.987
466	0.987
467	0.987
468	0.987
469	0.987
470	0.987
471	0.987
472	0.987
473	0.987
474	0.988
475	0.988
476	0.988
477	0.989
478	0.988
479	0.988
480	0.988
481	0.988
482	0.987
483	0.988
484	0.988
485	0.988
486	0.989
487	0.989
488	0.988
489	0.988
490	0.988
491	0.988
492	0.988
493	0.988
494	0.987
495	0.988
496	0.988
497	0.988
498	0.989
499	0.988
500	0.988
501	0.988
502	0.988
503	0.988
504	0.988
505	0.988
506	0.988
507	0.988
508	0.988
509	0.988
510	0.988
511	0.988
512	0.988
513	0.988
514	0.988
515	0.988
516	0.988
517	0.988
518	0.988
519	0.988
520	0.988
521	0.988
522	0.988
523	0.988
524	0.988
525	0.988
526	0.988
527	0.987
528	0.987
529	0.988
530	0.988
531	0.988
532	0.988
533	0.988
534	0.988
535	0.988
536	0.987
537	0.988
538	0.987
539	0.988
540	0.987
541	0.988
542	0.988
543	0.988
544	0.988
545	0.987
546	0.987
547	0.988
548	0.988
549	0.988
550	0.988
551	0.988
552	0.987
553	0.987
554	0.987
555	0.988
556	0.988
557	0.988
558	0.987
559	0.988
560	0.988
561	0.988
562	0.988
563	0.988
564	0.988
565	0.988
566	0.987
567	0.988
568	0.988
569	0.988
570	0.987
571	0.987
572	0.988
573	0.988
574	0.988
575	0.987
576	0.988
577	0.988
578	0.988
579	0.988
580	0.988
581	0.987
582	0.987
583	0.988
584	0.988
585	0.988
586	0.988
587	0.988
588	0.988
589	0.988
590	0.988
591	0.988
592	0.988
593	0.988
594	0.988
595	0.988
596	0.988
597	0.988
598	0.988
599	0.988
600	0.988
601	0.988
602	0.988
603	0.988
604	0.988
605	0.988
606	0.988
607	0.988
608	0.988
609	0.988
610	0.988
611	0.988
612	0.988
613	0.988
614	0.988
615	0.988
616	0.988
617	0.988
618	0.988
619	0.987
620	0.988
621	0.988
622	0.988
623	0.988
624	0.988
625	0.988
626	0.988
627	0.988
628	0.988
629	0.988
630	0.988
631	0.988
632	0.987
633	0.988
634	0.988
635	0.988
636	0.988
637	0.988
638	0.988
639	0.988
640	0.988
641	0.988
642	0.988
643	0.988
644	0.988
645	0.989
646	0.988
647	0.988
648	0.988
649	0.988
650	0.988
651	0.988
652	0.988
653	0.988
654	0.988
655	0.988
656	0.987
657	0.988
658	0.988
659	0.988
660	0.988
661	0.988
662	0.988
663	0.988
664	0.988
665	0.988
666	0.988
667	0.988
668	0.987
669	0.988
670	0.988
671	0.988
672	0.988
673	0.988
674	0.988
675	0.989
676	0.988
677	0.988
678	0.988
679	0.988
680	0.988
681	0.988
682	0.988
683	0.989
684	0.988
685	0.989
686	0.988
687	0.988
688	0.988
689	0.988
690	0.988
691	0.988
692	0.988
693	0.988
694	0.988
695	0.988
696	0.988
697	0.988
698	0.988
699	0.988
700	0.988
701	0.988
702	0.988
703	0.988
704	0.988
705	0.988
706	0.989
707	0.988
708	0.988
709	0.987
710	0.988
711	0.988
712	0.989
713	0.988
714	0.988
715	0.988
716	0.989
717	0.988
718	0.988
719	0.988
720	0.988
721	0.988
722	0.988
723	0.988
724	0.988
725	0.988
726	0.988
727	0.988
728	0.988
729	0.987
730	0.988
731	0.988
732	0.988
733	0.988
734	0.988
735	0.988
736	0.989
737	0.988
738	0.988
739	0.988
740	0.987
741	0.988
742	0.988
743	0.989
744	0.988
745	0.988
746	0.988
747	0.988
748	0.988
749	0.988
750	0.988
751	0.988
752	0.988
753	0.988
754	0.988
755	0.988
756	0.988
757	0.988
758	0.988
759	0.988
760	0.989
761	0.988
762	0.988
763	0.988
764	0.988
765	0.988
766	0.988
767	0.988
768	0.988
769	0.988
770	0.988
771	0.988
772	0.988
773	0.989
774	0.988
775	0.988
776	0.988
777	0.988
778	0.988
779	0.989
780	0.989
781	0.989
782	0.989
783	0.988
784	0.988
785	0.988
786	0.987
787	0.988
788	0.988
789	0.988
790	0.988
791	0.988
792	0.988
793	0.989
794	0.988
795	0.988
796	0.988
797	0.989
798	0.988
799	0.989
800	0.988
801	0.988
802	0.989
803	0.989
804	0.988
805	0.987
806	0.988
807	0.988
808	0.988
809	0.988
810	0.989
811	0.988
812	0.989
813	0.988
814	0.988
815	0.988
816	0.989
817	0.987
818	0.987
819	0.988
820	0.988
821	0.988
822	0.988
823	0.988
824	0.988
825	0.988
826	0.988
827	0.988
828	0.988
829	0.988
830	0.988
831	0.989
832	0.987
833	0.988
834	0.989
835	0.988
836	0.988
837	0.988
838	0.988
839	0.988
840	0.988
841	0.988
842	0.988
843	0.988
844	0.987
845	0.988
846	0.988
847	0.988
848	0.988
849	0.988
850	0.988
851	0.987
852	0.987
853	0.988
854	0.988
855	0.988
856	0.988
857	0.987
858	0.988
859	0.987
860	0.988
861	0.989
862	0.989
863	0.990
864	0.990
865	0.990
866	0.990
867	0.990
868	0.989
869	0.990
870	0.989
871	0.989
872	0.990
873	0.989
874	0.990
875	0.989
876	0.990
877	0.990
878	0.990
879	0.989
880	0.989
881	0.989
882	0.989
883	0.989
884	0.989
885	0.989
886	0.989
887	0.989
888	0.989
889	0.989
890	0.989
891	0.989
892	0.989
893	0.989
894	0.989
895	0.989
896	0.989
897	0.989
898	0.989
899	0.989
900	0.989
901	0.989
902	0.989
903	0.989
904	0.989
905	0.989
906	0.989
907	0.989
908	0.989
909	0.989
910	0.989
911	0.989
912	0.989
913	0.989
914	0.989
915	0.989
916	0.989
917	0.989
918	0.989
919	0.989
920	0.989
921	0.989
922	0.989
923	0.989
924	0.989
925	0.989
926	0.989
927	0.989
928	0.989
929	0.989
930	0.989
931	0.989
932	0.989
933	0.989
934	0.988
935	0.988
936	0.989
937	0.989
938	0.989
939	0.989
940	0.989
941	0.989
942	0.989
943	0.989
944	0.989
945	0.989
946	0.989
947	0.989
948	0.989
949	0.989
950	0.988
951	0.989
952	0.989
953	0.988
954	0.988
955	0.989
956	0.989
957	0.989
958	0.988
959	0.988
960	0.989
961	0.989
962	0.989
963	0.989
964	0.988
965	0.988
966	0.988
967	0.989
968	0.989
969	0.989
970	0.988
971	0.989
972	0.989
973	0.989
974	0.989
975	0.989
976	0.988
977	0.988
978	0.989
979	0.989
980	0.988
981	0.988
982	0.989
983	0.989
984	0.989
985	0.989
986	0.989
987	0.988
988	0.988
989	0.989
990	0.989
991	0.989
992	0.989
993	0.988
994	0.989
995	0.989
996	0.989
997	0.989
998	0.988
999	0.989
1000	0.989
1001	0.989
1002	0.989
1003	0.989
1004	0.988
1005	0.988
1006	0.989
1007	0.989
1008	0.989
1009	0.989
1010	0.989
1011	0.989
1012	0.989
1013	0.989
1014	0.989
1015	0.989
1016	0.989
1017	0.989
1018	0.989
1019	0.989
1020	0.989
1021	0.989
1022	0.989
1023	0.989
1024	0.988
1025	0.988
1026	0.989
1027	0.989
1028	0.989
1029	0.989
1030	0.989
1031	0.989
1032	0.989
1033	0.989
1034	0.989
1035	0.989
1036	0.988
1037	0.988
1038	0.989
1039	0.989
1040	0.989
1041	0.989
1042	0.989
1043	0.989
1044	0.989
1045	0.989
1046	0.989
1047	0.989
1048	0.989
1049	0.989
1050	0.989
1051	0.989
1052	0.989
1053	0.989
1054	0.988
1055	0.988
1056	0.989
1057	0.989
1058	0.989
1059	0.989
1060	0.988
1061	0.989
1062	0.989
1063	0.989
1064	0.989
1065	0.988
1066	0.989
1067	0.989
1068	0.989
1069	0.989
1070	0.989
1071	0.988
1072	0.989
1073	0.989
1074	0.989
1075	0.989
1076	0.989
1077	0.989
1078	0.989
1079	0.989
1080	0.989
1081	0.989
1082	0.989
1083	0.988
1084	0.989
1085	0.989
1086	0.989
1087	0.989
1088	0.988
1089	0.989
1090	0.989
1091	0.989
1092	0.989
1093	0.989
1094	0.989
1095	0.989
1096	0.989
1097	0.989
1098	0.989
1099	0.989
1100	0.989
1101	0.989
1102	0.989
1103	0.989
1104	0.989
1105	0.989
1106	0.989
1107	0.989
1108	0.989
1109	0.988
1110	0.989
1111	0.988
1112	0.989
1113	0.989
1114	0.989
1115	0.988
1116	0.989
1117	0.989
1118	0.989
1119	0.989
1120	0.989
1121	0.989
1122	0.989
1123	0.989
1124	0.989
1125	0.989
1126	0.989
1127	0.989
1128	0.989
1129	0.989
1130	0.989
1131	0.988
1132	0.989
1133	0.989
1134	0.989
1135	0.988
1136	0.989
1137	0.989
1138	0.989
1139	0.989
1140	0.989
1141	0.989
1142	0.989
1143	0.989
1144	0.989
1145	0.989
1146	0.989
1147	0.988
1148	0.989
1149	0.989
1150	0.989
1151	0.989
1152	0.989
1153	0.989
1154	0.989
1155	0.989
1156	0.989
1157	0.989
1158	0.989
1159	0.989
1160	0.989
1161	0.989
1162	0.989
1163	0.989
1164	0.989
1165	0.989
1166	0.989
1167	0.989
1168	0.989
1169	0.989
1170	0.989
1171	0.989
1172	0.989
1173	0.989
1174	0.989
1175	0.989
1176	0.988
1177	0.988
1178	0.987
1179	0.987
1180	0.988
1181	0.988
1182	0.988
1183	0.988
1184	0.988
1185	0.988
1186	0.988
1187	0.988
1188	0.988
1189	0.988
1190	0.988
1191	0.988
1192	0.988
1193	0.988
1194	0.988
1195	0.988
1196	0.988
1197	0.988
1198	0.988
1199	0.988
1200	0.987
1201	0.987
1202	0.987
1203	0.987
1204	0.987
1205	0.988
1206	0.987
1207	0.988
1208	0.987
1209	0.987
1210	0.987
1211	0.987
1212	0.987
1213	0.987
1214	0.987
1215	0.988
1216	0.987
1217	0.987
1218	0.987
1219	0.988
1220	0.987
1221	0.987
1222	0.987
1223	0.987
1224	0.987
1225	0.988
1226	0.988
1227	0.988
1228	0.988
1229	0.988
1230	0.988
1231	0.987
1232	0.987
1233	0.988
1234	0.988
1235	0.988
1236	0.988
1237	0.988
1238	0.988
1239	0.988
1240	0.988
1241	0.988
1242	0.988
1243	0.988
1244	0.988
1245	0.988
1246	0.988
1247	0.988
1248	0.988
1249	0.988
1250	0.988
1251	0.988
1252	0.988
1253	0.988
1254	0.988
1255	0.988
1256	0.987
1257	0.988
1258	0.988
1259	0.988
1260	0.988
1261	0.988
1262	0.988
1263	0.987
1264	0.987
1265	0.987
1266	0.988
1267	0.988
1268	0.987
1269	0.987
1270	0.987
1271	0.987
1272	0.987
1273	0.988
1274	0.987
1275	0.987
1276	0.986
1277	0.987
1278	0.987
1279	0.987
1280	0.987
1281	0.987
1282	0.987
1283	0.987
1284	0.987
1285	0.987
1286	0.987
1287	0.987
1288	0.987
1289	0.987
1290	0.987
1291	0.987
1292	0.987
1293	0.987
1294	0.987
1295	0.987
1296	0.987
1297	0.987
1298	0.987
1299	0.987
1300	0.987
1301	0.987
1302	0.987
1303	0.987
1304	0.987
1305	0.987
1306	0.987
1307	0.986
1308	0.986
1309	0.987
1310	0.987
1311	0.987
1312	0.987
1313	0.986
1314	0.986
1315	0.986
1316	0.986
1317	0.986
1318	0.987
1319	0.986
1320	0.986
1321	0.986
1322	0.986
1323	0.987
1324	0.986
1325	0.986
1326	0.985
1327	0.986
1328	0.985
1329	0.985
1330	0.986
1331	0.985
1332	0.986
1333	0.985
1334	0.985
1335	0.986
1336	0.985
1337	0.985
1338	0.985
1339	0.986
1340	0.985
1341	0.985
1342	0.985
1343	0.986
1344	0.986
1345	0.985
1346	0.985
1347	0.985
1348	0.985
1349	0.986
1350	0.986
1351	0.986
1352	0.985
1353	0.985
1354	0.985
1355	0.985
1356	0.985
1357	0.985
1358	0.985
1359	0.985
1360	0.986
1361	0.986
1362	0.986
1363	0.986
1364	0.986
1365	0.986
1366	0.985
1367	0.986
1368	0.985
1369	0.985
1370	0.986
1371	0.985
1372	0.986
1373	0.985
1374	0.985
1375	0.986
1376	0.986
1377	0.985
1378	0.986
1379	0.985
1380	0.985
1381	0.985
1382	0.985
1383	0.985
1384	0.985
1385	0.985
1386	0.985
1387	0.985
1388	0.985
1389	0.985
1390	0.985
1391	0.985
1392	0.985
1393	0.986
1394	0.985
1395	0.985
1396	0.985
1397	0.986
1398	0.985
1399	0.985
1400	0.985
1401	0.986
1402	0.985
1403	0.985
1404	0.985
1405	0.985
1406	0.985
1407	0.985
1408	0.986
1409	0.985
1410	0.986
1411	0.985
1412	0.986
1413	0.985
1414	0.985
1415	0.986
1416	0.986
1417	0.986
1418	0.986
1419	0.985
1420	0.985
1421	0.986
1422	0.986
1423	0.986
1424	0.986
1425	0.986
1426	0.986
1427	0.987
1428	0.987
1429	0.987
1430	0.987
1431	0.987
1432	0.987
1433	0.987
1434	0.987
1435	0.986
1436	0.987
1437	0.987
1438	0.987
1439	0.986
1440	0.987
1441	0.987
1442	0.986
1443	0.987
1444	0.986
1445	0.987
1446	0.986
1447	0.986
1448	0.986
1449	0.987
1450	0.986
1451	0.986
1452	0.986
1453	0.986
1454	0.987
1455	0.986
1456	0.987
1457	0.986
1458	0.987
1459	0.987
1460	0.986
1461	0.986
1462	0.987
1463	0.986
1464	0.987
1465	0.986
1466	0.987
1467	0.986
1468	0.987
1469	0.986
1470	0.986
1471	0.986
1472	0.986
1473	0.986
1474	0.987
1475	0.986
1476	0.986
1477	0.986
1478	0.986
1479	0.987
1480	0.987
1481	0.986
1482	0.986
1483	0.987
1484	0.986
1485	0.987
1486	0.987
1487	0.986
1488	0.986
1489	0.987
1490	0.987
1491	0.987
1492	0.987
1493	0.987
1494	0.986
1495	0.986
1496	0.987
1497	0.987
1498	0.987
1499	0.987
1500	0.986
1501	0.987
1502	0.987
1503	0.986
1504	0.987
1505	0.987
1506	0.986
1507	0.987
1508	0.986
1509	0.986
1510	0.986
1511	0.986
1512	0.986
1513	0.986
1514	0.986
1515	0.987
1516	0.986
1517	0.986
1518	0.986
1519	0.986
1520	0.986
1521	0.986
1522	0.986
1523	0.986
1524	0.986
1525	0.987
1526	0.986
1527	0.986
1528	0.986
1529	0.986
1530	0.986
1531	0.986
1532	0.986
1533	0.986
1534	0.986
1535	0.986
1536	0.986
1537	0.986
1538	0.986
1539	0.986
1540	0.986
1541	0.986
1542	0.986
1543	0.986
1544	0.987
1545	0.987
1546	0.987
1547	0.986
1548	0.986
1549	0.986
1550	0.986
1551	0.986
1552	0.986
1553	0.986
1554	0.986
1555	0.986
1556	0.986
1557	0.986
1558	0.986
1559	0.986
1560	0.986
1561	0.986
1562	0.986
1563	0.986
1564	0.986
1565	0.986
1566	0.986
1567	0.986
1568	0.986
1569	0.986
1570	0.986
1571	0.986
1572	0.986
1573	0.986
1574	0.986
1575	0.986
1576	0.986
1577	0.986
1578	0.986
1579	0.986
1580	0.986
1581	0.986
1582	0.986
1583	0.986
1584	0.986
1585	0.986
1586	0.986
1587	0.986
1588	0.986
1589	0.986
1590	0.986
1591	0.986
1592	0.986
1593	0.986
1594	0.986
1595	0.986
1596	0.986
1597	0.986
1598	0.986
1599	0.986
1600	0.986
1601	0.986
1602	0.986
1603	0.986
1604	0.986
1605	0.986
1606	0.986
1607	0.986
1608	0.986
1609	0.986
1610	0.986
1611	0.986
1612	0.986
1613	0.986
1614	0.986
1615	0.986
1616	0.986
1617	0.986
1618	0.986
1619	0.986
1620	0.986
1621	0.986
1622	0.986
1623	0.986
1624	0.986
1625	0.986
1626	0.985
1627	0.985
1628	0.985
1629	0.985
1630	0.985
1631	0.985
1632	0.985
1633	0.985
1634	0.985
1635	0.985
1636	0.985
1637	0.985
1638	0.985
1639	0.985
1640	0.985
1641	0.985
1642	0.985
1643	0.985
1644	0.985
1645	0.985
1646	0.985
1647	0.985
1648	0.985
1649	0.985
1650	0.985
1651	0.985
1652	0.985
1653	0.985
1654	0.985
1655	0.985
1656	0.985
1657	0.985
1658	0.985
1659	0.985
1660	0.985
1661	0.985
1662	0.985
1663	0.985
1664	0.985
1665	0.985
1666	0.985
1667	0.985
1668	0.985
1669	0.985
1670	0.985
1671	0.985
1672	0.985
1673	0.985
1674	0.985
1675	0.985
1676	0.984
1677	0.984
1678	0.984
1679	0.984
1680	0.984
1681	0.984
1682	0.984
1683	0.984
1684	0.984
1685	0.984
1686	0.984
1687	0.984
1688	0.984
1689	0.984
1690	0.984
1691	0.984
1692	0.984
1693	0.984
1694	0.984
1695	0.984
1696	0.984
1697	0.984
1698	0.984
1699	0.984
1700	0.984
1701	0.984
1702	0.984
1703	0.984
1704	0.984
1705	0.984
1706	0.984
1707	0.984
1708	0.984
1709	0.984
1710	0.983
1711	0.984
1712	0.984
1713	0.984
1714	0.984
1715	0.984
1716	0.984
1717	0.984
1718	0.984
1719	0.984
1720	0.984
1721	0.984
1722	0.984
1723	0.984
1724	0.984
1725	0.984
1726	0.984
1727	0.984
1728	0.984
1729	0.984
1730	0.984
1731	0.984
1732	0.984
1733	0.984
1734	0.984
1735	0.984
1736	0.984
1737	0.984
1738	0.984
1739	0.984
1740	0.984
1741	0.984
1742	0.984
1743	0.984
1744	0.984
1745	0.984
1746	0.983
1747	0.984
1748	0.984
1749	0.984
1750	0.984
1751	0.984
1752	0.984
1753	0.984
1754	0.984
1755	0.984
1756	0.984
1757	0.984
1758	0.984
1759	0.984
1760	0.984
1761	0.984
1762	0.984
1763	0.984
1764	0.984
1765	0.984
1766	0.984
1767	0.984
1768	0.984
1769	0.984
1770	0.984
1771	0.984
1772	0.984
1773	0.984
1774	0.984
1775	0.984
1776	0.984
1777	0.984
1778	0.984
1779	0.984
1780	0.984
1781	0.983
1782	0.984
1783	0.984
1784	0.984
1785	0.984
1786	0.984
1787	0.984
1788	0.984
1789	0.984
1790	0.984
1791	0.984
1792	0.984
1793	0.984
1794	0.984
1795	0.984
1796	0.983
1797	0.984
1798	0.984
1799	0.984
1800	0.984
1801	0.984
1802	0.984
1803	0.984
1804	0.984
1805	0.983
1806	0.984
1807	0.983
1808	0.982
1809	0.983
1810	0.983
1811	0.983
1812	0.982
1813	0.983
1814	0.983
1815	0.983
1816	0.983
1817	0.983
1818	0.982
1819	0.982
1820	0.981
1821	0.982
1822	0.982
1823	0.982
1824	0.982
1825	0.982
1826	0.982
1827	0.981
1828	0.982
1829	0.982
1830	0.982
1831	0.981
1832	0.981
1833	0.980
1834	0.980
1835	0.980
1836	0.980
1837	0.981
1838	0.980
1839	0.981
1840	0.982
1841	0.981
1842	0.981
1843	0.980
1844	0.979
1845	0.980
1846	0.979
1847	0.979
1848	0.980
1849	0.980
1850	0.980
1851	0.980
1852	0.980
1853	0.979
1854	0.979
1855	0.979
1856	0.979
1857	0.979
1858	0.979
1859	0.979
1860	0.979
1861	0.979
1862	0.979
1863	0.980
1864	0.979
1865	0.979
1866	0.980
1867	0.979
1868	0.980
1869	0.979
1870	0.979
1871	0.980
1872	0.979
1873	0.979
1874	0.980
1875	0.979
1876	0.979
1877	0.978
1878	0.978
1879	0.978
1880	0.978
1881	0.977
1882	0.978
1883	0.978
1884	0.979
1885	0.978
1886	0.978
1887	0.978
1888	0.979
1889	0.978
1890	0.978
1891	0.978
1892	0.978
1893	0.979
1894	0.979
1895	0.978
1896	0.978
1897	0.978
1898	0.978
1899	0.979
1900	0.979
1901	0.979
1902	0.979
1903	0.979
1904	0.979
1905	0.979
1906	0.980
1907	0.977
1908	0.978
1909	0.978
1910	0.978
1911	0.979
1912	0.979
1913	0.979
1914	0.979
1915	0.980
1916	0.980
1917	0.979
1918	0.979
1919	0.979
1920	0.979
1921	0.978
1922	0.978
1923	0.979
1924	0.979
1925	0.979
1926	0.978
1927	0.978
1928	0.977
1929	0.977
1930	0.978
1931	0.978
1932	0.978
1933	0.978
1934	0.978
1935	0.977
1936	0.978
1937	0.978
1938	0.977
1939	0.977
1940	0.977
1941	0.977
1942	0.978
1943	0.977
1944	0.977
1945	0.978
1946	0.977
1947	0.978
1948	0.978
1949	0.977
1950	0.977
1951	0.977
1952	0.976
1953	0.977
1954	0.976
1955	0.977
1956	0.977
1957	0.978
1958	0.976
1959	0.976
1960	0.976
1961	0.975
1962	0.976
1963	0.976
1964	0.975
1965	0.975
1966	0.976
1967	0.976
1968	0.975
1969	0.976
1970	0.975
1971	0.975
1972	0.976
1973	0.975
1974	0.975
1975	0.976
1976	0.975
1977	0.975
1978	0.975
1979	0.974
1980	0.974
1981	0.974
1982	0.974
1983	0.975
1984	0.974
1985	0.974
1986	0.974
1987	0.974
1988	0.974
1989	0.974
1990	0.974
1991	0.974
1992	0.973
1993	0.973
1994	0.972
1995	0.973
1996	0.973
1997	0.972
1998	0.972
1999	0.972
2000	0.973
2001	0.972
2002	0.972
2003	0.971
2004	0.971
2005	0.971
2006	0.971
2007	0.971
2008	0.970
2009	0.969
2010	0.969
2011	0.970
2012	0.969
2013	0.969
2014	0.970
2015	0.970
2016	0.969
2017	0.969
2018	0.968
2019	0.968
2020	0.968
2021	0.968
2022	0.967
2023	0.967
2024	0.967
2025	0.967
2026	0.967
2027	0.967
2028	0.965
2029	0.965
2030	0.966
2031	0.966
2032	0.965
2033	0.964
2034	0.964
2035	0.965
2036	0.964
2037	0.964
2038	0.965
2039	0.964
2040	0.964
2041	0.963
2042	0.963
2043	0.964
2044	0.963
2045	0.963
2046	0.963
2047	0.963
2048	0.961
2049	0.961
2050	0.961
2051	0.960
2052	0.960
2053	0.961
2054	0.962
2055	0.961
2056	0.960
2057	0.960
2058	0.960
2059	0.960
2060	0.960
2061	0.960
2062	0.958
2063	0.960
2064	0.959
2065	0.960
2066	0.959
2067	0.959
2068	0.959
2069	0.959
2070	0.959
2071	0.958
2072	0.957
2073	0.959
2074	0.958
2075	0.957
2076	0.956
2077	0.958
2078	0.958
2079	0.958
2080	0.957
2081	0.956
2082	0.957
2083	0.957
2084	0.957
2085	0.957
2086	0.956
2087	0.955
2088	0.956
2089	0.956
2090	0.956
2091	0.957
2092	0.955
2093	0.956
2094	0.955
2095	0.954
2096	0.955
2097	0.954
2098	0.954
2099	0.954
2100	0.955
2101	0.954
2102	0.953
2103	0.954
2104	0.954
2105	0.954
2106	0.952
2107	0.954
2108	0.953
2109	0.952
2110	0.953
2111	0.953
2112	0.952
2113	0.954
2114	0.952
2115	0.953
2116	0.951
2117	0.950
2118	0.952
2119	0.952
2120	0.951
2121	0.950
2122	0.953
2123	0.950
2124	0.950
2125	0.951
2126	0.950
2127	0.951
2128	0.951
2129	0.948
2130	0.948
2131	0.950
2132	0.950
2133	0.948
2134	0.950
2135	0.949
2136	0.949
2137	0.949
2138	0.947
2139	0.948
2140	0.948
2141	0.950
2142	0.949
2143	0.950
2144	0.949
2145	0.950
2146	0.949
2147	0.952
2148	0.948
2149	0.951
2150	0.950
2151	0.951
2152	0.948
2153	0.953
2154	0.953
2155	0.951
2156	0.953
2157	0.954
2158	0.955
2159	0.953
2160	0.953
2161	0.951
2162	0.954
2163	0.953
2164	0.954
2165	0.957
2166	0.955
2167	0.955
2168	0.956
2169	0.959
2170	0.959
2171	0.957
2172	0.958
2173	0.959
2174	0.957
2175	0.958
2176	0.960
2177	0.960
2178	0.960
2179	0.962
2180	0.960
2181	0.962
2182	0.961
2183	0.962
2184	0.963
2185	0.962
2186	0.963
2187	0.963
2188	0.962
2189	0.963
2190	0.965
2191	0.965
2192	0.965
2193	0.965
2194	0.965
2195	0.965
2196	0.965
2197	0.966
2198	0.966
2199	0.966
2200	0.966
2201	0.966
2202	0.967
2203	0.970
2204	0.966
2205	0.966
2206	0.964
2207	0.966
2208	0.966
2209	0.968
2210	0.967
2211	0.967
2212	0.967
2213	0.967
2214	0.967
2215	0.968
2216	0.969
2217	0.968
2218	0.969
2219	0.969
2220	0.968
2221	0.969
2222	0.967
2223	0.967
2224	0.968
2225	0.969
2226	0.967
2227	0.968
2228	0.970
2229	0.969
2230	0.968
2231	0.968
2232	0.969
2233	0.970
2234	0.968
2235	0.968
2236	0.966
2237	0.966
2238	0.968
2239	0.970
2240	0.969
2241	0.967
2242	0.968
2243	0.969
2244	0.968
2245	0.968
2246	0.967
2247	0.968
2248	0.968
2249	0.968
2250	0.967
2251	0.967
2252	0.967
2253	0.968
2254	0.968
2255	0.969
2256	0.966
2257	0.965
2258	0.967
2259	0.968
2260	0.966
2261	0.965
2262	0.966
2263	0.966
2264	0.965
2265	0.966
2266	0.966
2267	0.967
2268	0.966
2269	0.966
2270	0.967
2271	0.966
2272	0.965
2273	0.968
2274	0.967
2275	0.967
2276	0.968
2277	0.967
2278	0.965
2279	0.963
2280	0.965
2281	0.965
2282	0.965
2283	0.964
2284	0.966
2285	0.966
2286	0.965
2287	0.964
2288	0.963
2289	0.964
2290	0.964
2291	0.965
2292	0.964
2293	0.962
2294	0.964
2295	0.964
2296	0.961
2297	0.962
2298	0.960
2299	0.961
2300	0.963
2301	0.963
2302	0.962
2303	0.961
2304	0.961
2305	0.960
2306	0.960
2307	0.961
2308	0.961
2309	0.961
2310	0.961
2311	0.961
2312	0.961
2313	0.961
2314	0.959
2315	0.959
2316	0.958
2317	0.960
2318	0.961
2319	0.960
2320	0.959
2321	0.959
2322	0.959
2323	0.959
2324	0.958
2325	0.959
2326	0.959
2327	0.958
2328	0.956
2329	0.957
2330	0.959
2331	0.956
2332	0.957
2333	0.958
2334	0.957
2335	0.956
2336	0.957
2337	0.956
2338	0.954
2339	0.953
2340	0.952
2341	0.955
2342	0.955
2343	0.955
2344	0.957
2345	0.955
2346	0.954
2347	0.953
2348	0.954
2349	0.954
2350	0.952
2351	0.951
2352	0.953
2353	0.955
2354	0.957
2355	0.957
2356	0.953
2357	0.953
2358	0.952
2359	0.952
2360	0.952
2361	0.950
2362	0.949
2363	0.950
2364	0.953
2365	0.952
2366	0.952
2367	0.952
2368	0.950
2369	0.952
2370	0.951
2371	0.951
2372	0.951
2373	0.952
2374	0.953
2375	0.953
2376	0.953
2377	0.951
2378	0.952
2379	0.953
2380	0.952
2381	0.950
2382	0.950
2383	0.950
2384	0.954
2385	0.950
2386	0.950
2387	0.949
2388	0.949
2389	0.952
2390	0.952
2391	0.949
2392	0.953
2393	0.953
2394	0.951
2395	0.949
2396	0.948
2397	0.948
2398	0.953
2399	0.950
2400	0.949
2401	0.951
2402	0.948
2403	0.951
2404	0.948
2405	0.950
2406	0.951
2407	0.953
2408	0.953
2409	0.950
2410	0.948
2411	0.948
2412	0.948
2413	0.951
2414	0.949
2415	0.951
2416	0.948
2417	0.948
2418	0.948
2419	0.953
2420	0.954
2421	0.952
2422	0.952
2423	0.953
2424	0.953
2425	0.951
2426	0.946
2427	0.951
2428	0.952
2429	0.951
2430	0.948
2431	0.951
2432	0.952
2433	0.952
2434	0.946
2435	0.946
2436	0.951
2437	0.951
2438	0.951
2439	0.948
2440	0.951
2441	0.950
2442	0.949
2443	0.950
2444	0.948
2445	0.951
2446	0.951
2447	0.953
2448	0.954
2449	0.950
2450	0.955
2451	0.955
2452	0.954
2453	0.953
2454	0.947
2455	0.949
2456	0.953
2457	0.954
2458	0.952
2459	0.951
2460	0.954
2461	0.953
2462	0.953
2463	0.948
2464	0.958
2465	0.957
2466	0.956
2467	0.955
2468	0.955
2469	0.953
2470	0.951
2471	0.953
2472	0.953
2473	0.949
2474	0.953
2475	0.956
2476	0.952
2477	0.954
2478	0.952
2479	0.954
2480	0.954
2481	0.949
2482	0.953
2483	0.956
2484	0.951
2485	0.957
2486	0.951
2487	0.953
2488	0.951
2489	0.945
2490	0.951
2491	0.950
2492	0.960
2493	0.952
2494	0.951
2495	0.957
2496	0.953
2497	0.948
2498	0.953
2499	0.952
2500	0.947
